id, x, y, z [mm]; RX, RY, RZ [rad]
image1.png, -194.97, 36.78, 348.88, 2.16, 2.35, -0.29
image2.png, -112.66, 91.16, 365.02, 2.45, 1.90, -0.63
image3.png, -269.10, 107.10, 333.68, 1.99, 2.11, -0.28
image4.png, -291.82, 96.81, 302.83, 1.91, 2.08, -0.17
image5.png, -256.03, -52.47, 387.71, 2.48, 2.05, 0.04
image6.png, -269.82, -140.40, 338.71, 2.23, 2.51, 0.58
image7.png, -249.52, -210.42, 293.83, 1.92, 2.84, 0.96
image8.png, -258.60, -231.16, 231.80, 1.82, 2.81, 1.31
image9.png, 81.79, 114.30, 398.18, 2.02, 2.84, -0.91
image10.png, -102.94, 80.90, 477.95, 2.36, 2.18, -0.54
image11.png, -260.12, -70.14, 340.16, 2.01, 2.52, 0.43
image12.png, -115.55, 72.54, 379.60, 2.18, 2.57, -0.55
image13.png, -116.80, 56.13, 354.85, 2.06, 2.48, -0.70
image14.png, -145.88, 20.00, 367.80, 2.10, 2.35, -0.35
image15.png, -148.50, 31.45, 373.93, 2.02, 2.43, -0.15
image16.png, -120.65, 125.78, 331.44, 2.22, 1.92, -0.83
